23,2
23,1
23,3
27,102
27,259
27,276
27,137
27,201
27,109
27,197
27,2
27,3
24,7
24,4
24,1
24,6
24,2
24,3
26,14
26,17
26,12
26,13
26,9
26,6
26,2
26,3
25,2
25,1
25,3
13,2
13,1
13,3
12,2
12,1
12,3
31,3
31,2
31,1
31,0
30,3
30,2
30,1
30,0
29,3
29,2
29,1
29,0
28,30
28,29
11,2
28,28
11,1
28,27
28,26
28,25
11,3
28,24
28,23
28,22
28,21
28,20
28,19
28,18
28,17
28,16
28,15
28,14
28,13
28,12
28,11
28,10
28,9
28,8
28,7
28,6
28,5
28,4
28,3
28,2
28,1
28,0
27,314
27,313
27,312
27,311
27,310
27,309
27,308
27,307
